4 0.271127 0.208955 0.042254 0.308458
4 0.149648 0.293532 0.017606 0.258706
4 0.065141 0.323383 0.017606 0.238806
4 0.080986 0.276119 0.021127 0.283582
4 0.142606 0.383085 0.080986 0.189055
4 0.299296 0.323383 0.021127 0.218905
4 0.269366 0.400498 0.017606 0.154229
4 0.364437 0.268657 0.045775 0.258706
4 0.420775 0.236318 0.045775 0.323383
4 0.413732 0.330846 0.038732 0.263682
4 0.496479 0.238806 0.028169 0.308458
4 0.489437 0.353234 0.042254 0.238806
4 0.586268 0.308458 0.031690 0.189055
4 0.619718 0.278607 0.049296 0.268657
4 0.755282 0.313433 0.024648 0.169154
4 0.832746 0.340796 0.045775 0.213930
